# ACT DR6 daytime covariance matrix
7.748158047265830605e-15 1.387281294511708605e-15 3.605122258489978389e-17 6.331159709968205224e-17 -7.166592811464333606e-17 6.293154722763481368e-17 1.063400866136923298e-17 5.046802615325653425e-17 4.415816069086100848e-17 1.915808075126184419e-17 2.502405779992307722e-17 1.036391222242550089e-17 -5.422475720583289148e-18 -1.337482653698863557e-18 -7.894438891827018102e-18 -2.723453423976910810e-18 -8.391559685783337397e-18 -2.324709286445193701e-18
1.387281294511708605e-15 2.920083509145033409e-15 4.355248063692282373e-16 1.553483687726165907e-17 -3.232287210370767036e-17 -4.452433829412410721e-17 -1.919663355906031481e-18 9.396539831988168440e-18 5.559880658427663847e-18 -1.805442651827926782e-17 3.793315568088068749e-17 6.686392661989061579e-18 1.510406598373792291e-17 4.446125781715701181e-18 -6.439451369076649873e-18 -1.021915271018707590e-17 -1.976099543840494986e-18 -6.545423923781611226e-19
3.605122258489978389e-17 4.355248063692282373e-16 1.348503497653664270e-15 1.486109029462067939e-16 -2.300148383168018221e-17 -5.093518906287780775e-17 -1.186199475288749399e-17 -2.014480302860478760e-17 -8.804970982129150492e-18 7.414835841863467840e-18 2.370614388885503497e-18 -2.784173248460751476e-18 7.941511443271627415e-18 3.949671905193770094e-18 -3.125777053571182403e-18 -9.681007837640791827e-18 -3.463088896436828570e-18 4.398640679093640034e-18
6.331159709968205224e-17 1.553483687726165907e-17 1.486109029462067939e-16 6.506957077112505276e-16 2.223569338390282477e-17 -2.129464446754530840e-17 -2.325554038877403771e-18 -2.160744418648361609e-17 6.409139164351502358e-18 -1.094719383185609883e-17 -1.096226172756872052e-18 3.899472997263923792e-18 -6.861955931299250915e-18 9.299990300774034103e-18 2.347802067709310581e-18 8.680319723592014466e-18 7.162579168711466375e-18 -6.178710510559141245e-19
-7.166592811464333606e-17 -3.232287210370767036e-17 -2.300148383168018221e-17 2.223569338390282477e-17 3.066344175562793667e-16 3.520829961504419912e-17 1.411233562439115784e-17 -2.922026855243633069e-19 5.738869836076731855e-18 -1.532059980273922735e-18 9.642364134777002239e-18 -1.344705283958327073e-18 1.989415721661177699e-18 5.795105301952034996e-19 -4.795335143361377948e-18 -3.609769089405972723e-19 3.108630331570436686e-18 6.181995528622991146e-18
6.293154722763481368e-17 -4.452433829412410721e-17 -5.093518906287780775e-17 -2.129464446754530840e-17 3.520829961504419912e-17 2.037159018760391845e-16 2.498794183907283183e-17 -1.856514973823667788e-18 9.511253668466252157e-18 -9.155341880952384910e-18 -2.915441626737210962e-18 3.429808720461118430e-18 4.553154607284428713e-18 2.851200000632218757e-18 5.229838269078668306e-19 1.089304490152047632e-18 -1.384088634500445036e-18 3.947225828676612729e-18
1.063400866136923298e-17 -1.919663355906031481e-18 -1.186199475288749399e-17 -2.325554038877403771e-18 1.411233562439115784e-17 2.498794183907283183e-17 1.594352707345795559e-16 2.533171705846706537e-17 8.763866473733147651e-19 5.343932573286926311e-19 3.565952198498586354e-18 1.659845192074380223e-18 6.923882386366891429e-18 2.279056061275082021e-18 6.975686030005594180e-19 3.207583240678595627e-18 3.174721077869427059e-18 3.357132210629219948e-18
5.046802615325653425e-17 9.396539831988168440e-18 -2.014480302860478760e-17 -2.160744418648361609e-17 -2.922026855243633069e-19 -1.856514973823667788e-18 2.533171705846706537e-17 1.603754974738842933e-16 2.000981321719976417e-17 -9.847896928727036708e-19 1.144907962048762581e-17 5.510852235998330118e-18 2.882817239161204310e-18 -5.470285638259556558e-19 2.017233767707464858e-18 1.350094961821660720e-18 -5.464356483346265018e-19 2.362673584295790834e-18
4.415816069086100848e-17 5.559880658427663847e-18 -8.804970982129150492e-18 6.409139164351502358e-18 5.738869836076731855e-18 9.511253668466252157e-18 8.763866473733147651e-19 2.000981321719976417e-17 1.126883505509843753e-16 6.657509201336313915e-18 4.557129826370585582e-18 2.078573450856287210e-18 5.375132112995073834e-18 1.500402046255976324e-18 1.727784350588398733e-18 -6.106461535585546958e-19 5.382167480794104305e-19 9.524725488447362124e-19
1.915808075126184419e-17 -1.805442651827926782e-17 7.414835841863467840e-18 -1.094719383185609883e-17 -1.532059980273922735e-18 -9.155341880952384910e-18 5.343932573286926311e-19 -9.847896928727036708e-19 6.657509201336313915e-18 7.172618872858721372e-17 7.909140623067020541e-18 2.625758708372075843e-18 6.295355800480819463e-18 6.098330663862074635e-19 1.829712507657615750e-18 2.936587844189338469e-18 8.919599959935577802e-20 -5.824732614946344246e-19
2.502405779992307722e-17 3.793315568088068749e-17 2.370614388885503497e-18 -1.096226172756872052e-18 9.642364134777002239e-18 -2.915441626737210962e-18 3.565952198498586354e-18 1.144907962048762581e-17 4.557129826370585582e-18 7.909140623067020541e-18 5.991759636013348412e-17 5.206603815234732180e-18 4.002534500289515220e-18 2.034387464677800088e-18 1.647092033192198441e-18 1.934300263892631383e-18 -1.292354791013847682e-18 3.206935135160922840e-19
1.036391222242550089e-17 6.686392661989061579e-18 -2.784173248460751476e-18 3.899472997263923792e-18 -1.344705283958327073e-18 3.429808720461118430e-18 1.659845192074380223e-18 5.510852235998330118e-18 2.078573450856287210e-18 2.625758708372075843e-18 5.206603815234732180e-18 5.021345155753682117e-17 5.504156795009076285e-18 1.858664998608922488e-18 1.495106166943795900e-18 -6.946754884783587533e-19 -5.307132212803114553e-19 -1.632245050846174385e-19
-5.422475720583289148e-18 1.510406598373792291e-17 7.941511443271627415e-18 -6.861955931299250915e-18 1.989415721661177699e-18 4.553154607284428713e-18 6.923882386366891429e-18 2.882817239161204310e-18 5.375132112995073834e-18 6.295355800480819463e-18 4.002534500289515220e-18 5.504156795009076285e-18 3.982013515528159880e-17 2.701033927040992853e-18 2.714298130019248289e-19 7.931727294765177908e-19 8.290819789429135239e-19 1.850297190264376048e-18
-1.337482653698863557e-18 4.446125781715701181e-18 3.949671905193770094e-18 9.299990300774034103e-18 5.795105301952034996e-19 2.851200000632218757e-18 2.279056061275082021e-18 -5.470285638259556558e-19 1.500402046255976324e-18 6.098330663862074635e-19 2.034387464677800088e-18 1.858664998608922488e-18 2.701033927040992853e-18 2.544921894400875155e-17 3.867294449897084848e-18 1.045397957702753576e-18 9.821679927071352787e-19 4.433722733149634101e-19
-7.894438891827018102e-18 -6.439451369076649873e-18 -3.125777053571182403e-18 2.347802067709310581e-18 -4.795335143361377948e-18 5.229838269078668306e-19 6.975686030005594180e-19 2.017233767707464858e-18 1.727784350588398733e-18 1.829712507657615750e-18 1.647092033192198441e-18 1.495106166943795900e-18 2.714298130019248289e-19 3.867294449897084848e-18 2.080787494065740214e-17 2.353300979601033747e-18 3.783668705917352316e-19 5.288077671998755923e-19
-2.723453423976910810e-18 -1.021915271018707590e-17 -9.681007837640791827e-18 8.680319723592014466e-18 -3.609769089405972723e-19 1.089304490152047632e-18 3.207583240678595627e-18 1.350094961821660720e-18 -6.106461535585546958e-19 2.936587844189338469e-18 1.934300263892631383e-18 -6.946754884783587533e-19 7.931727294765177908e-19 1.045397957702753576e-18 2.353300979601033747e-18 2.111231625832975938e-17 2.055596025661161543e-18 1.206926200067983579e-18
-8.391559685783337397e-18 -1.976099543840494986e-18 -3.463088896436828570e-18 7.162579168711466375e-18 3.108630331570436686e-18 -1.384088634500445036e-18 3.174721077869427059e-18 -5.464356483346265018e-19 5.382167480794104305e-19 8.919599959935577802e-20 -1.292354791013847682e-18 -5.307132212803114553e-19 8.290819789429135239e-19 9.821679927071352787e-19 3.783668705917352316e-19 2.055596025661161543e-18 2.482548225033887964e-17 2.325911359927763657e-18
-2.324709286445193701e-18 -6.545423923781611226e-19 4.398640679093640034e-18 -6.178710510559141245e-19 6.181995528622991146e-18 3.947225828676612729e-18 3.357132210629219948e-18 2.362673584295790834e-18 9.524725488447362124e-19 -5.824732614946344246e-19 3.206935135160922840e-19 -1.632245050846174385e-19 1.850297190264376048e-18 4.433722733149634101e-19 5.288077671998755923e-19 1.206926200067983579e-18 2.325911359927763657e-18 1.999258113677798644e-17
