1.146830643552360586e-15 8.290702015063467294e-17 -2.122984751216709324e-17 -4.939454091588851810e-18 -4.346255140596065409e-18 5.474858735019454715e-19 -2.051073528961928087e-18 -2.280119501255158993e-18 -3.367633408092794106e-18 2.116038916749707134e-18 -5.285468170100069728e-18 -1.083481434098390334e-18 -2.342164539087436686e-19 -2.662833042149824777e-20 2.054512952833558830e-20 5.506226173466795090e-19 1.862008136785150392e-18 1.824404106248511471e-18
8.290702015063464829e-17 3.900508391159929482e-16 1.550204165431403996e-17 -3.239257453137739610e-18 -4.064244183406932994e-18 6.639162457270548357e-19 -6.065078898975095918e-21 9.757381676577200952e-19 9.839662512597694897e-19 1.443018624406206047e-18 -2.185687391186515052e-19 1.249870519545558977e-19 -8.755747414724407572e-19 1.928948123968567544e-19 -6.793223140993019582e-20 4.157712937551563380e-19 9.481742796017344351e-19 -6.612983695416025578e-19
-2.122984751216711173e-17 1.550204165431403996e-17 1.616899755085948466e-16 4.920104042876011621e-18 -3.250183988763558828e-18 -1.786257987099908970e-18 5.330604888809798330e-19 2.373793890333119209e-18 2.555672089562112621e-18 -9.225031770306340242e-19 3.793652700001587086e-19 8.218344986325397045e-19 5.602450691037594288e-19 6.872175613641594992e-19 6.847908507107129531e-19 1.241945664570559141e-18 7.297862208868102657e-20 1.353603466652929086e-18
-4.939454091588842566e-18 -3.239257453137739225e-18 4.920104042876009310e-18 6.380208295982568169e-17 3.128876961643215076e-18 -1.367340945820521022e-19 1.061715776023297447e-18 1.960990165381517663e-19 -2.952339455404027342e-19 8.155606983937434199e-19 3.626810243454548873e-19 6.559183511284907439e-19 1.170498440100262098e-18 2.845676974935186926e-19 1.026995764630870089e-18 6.259264075988828534e-19 7.306616829590291012e-19 3.890215508921001155e-19
-4.346255140596056935e-18 -4.064244183406933765e-18 -3.250183988763559213e-18 3.128876961643215076e-18 3.083421064960124363e-17 6.681978529639294416e-19 -4.697977120628436800e-21 -6.142383255718810199e-19 -3.052677547485343760e-19 6.700474249402720927e-19 1.895128608715772672e-19 4.971906827207668653e-19 -1.248557941024350224e-19 -1.408732831672214938e-19 1.476797106563523040e-19 2.312581176858490952e-20 -5.368274166825064196e-19 -6.469583330133457498e-19
5.474858735019182196e-19 6.639162457270522356e-19 -1.786257987099907044e-18 -1.367340945820521263e-19 6.681978529639292490e-19 1.804747994553082102e-17 6.353842656308803521e-19 4.015068936148689421e-19 -1.639948157003580489e-19 2.895907431840013007e-19 3.593908324639190638e-19 5.179422615786590454e-20 -1.392387079978522661e-19 4.117985690090656018e-19 2.546754864311235156e-19 1.510023406024596420e-19 2.075903847372985038e-19 9.708400566097754430e-20
-2.051073528961934635e-18 -6.065078898975644356e-21 5.330604888809802182e-19 1.061715776023297640e-18 -4.697977120628367587e-21 6.353842656308806410e-19 1.398864652232497862e-17 6.720145814264496229e-19 3.437233099961841641e-19 2.474601229355589532e-19 -5.976642529321136072e-20 4.382745248537741012e-19 7.658475655386278932e-20 4.286762946372338028e-19 1.732026135851389493e-19 1.668204633320279494e-19 2.918441153582678022e-19 3.428604257322527921e-19
-2.280119501255199822e-18 9.757381676577160507e-19 2.373793890333118824e-18 1.960990165381516700e-19 -6.142383255718810199e-19 4.015068936148688940e-19 6.720145814264496229e-19 1.334915234439415800e-17 7.701529426324461567e-19 -8.171021410141439278e-20 5.618111131682003099e-19 4.433437354661832629e-19 2.373231926766685072e-19 -5.213452353300022165e-20 4.004742894294326547e-19 2.527157162229493241e-19 -1.600340946761984462e-19 6.529820921112817152e-20
-3.367633408092804121e-18 9.839662512597689119e-19 2.555672089562111080e-18 -2.952339455404022528e-19 -3.052677547485339908e-19 -1.639948157003580007e-19 3.437233099961839715e-19 7.701529426324461567e-19 9.814885025011059627e-18 6.667706853640788339e-19 3.105735181228023985e-19 4.651873598366422499e-19 4.291270266829582454e-19 1.816909085068851638e-19 2.611637067503983025e-20 4.027816428422792037e-19 2.577295425105214814e-19 5.568721582225968298e-19
2.116038916749630867e-18 1.443018624406198343e-18 -9.225031770306326760e-19 8.155606983937438050e-19 6.700474249402724779e-19 2.895907431840013489e-19 2.474601229355590977e-19 -8.171021410141420018e-20 6.667706853640786414e-19 6.409678230166605584e-18 6.837308720358676840e-19 2.172291724164931860e-19 3.922382121935490783e-19 2.237913395945942963e-19 6.179256599811172208e-20 3.273208803242515800e-19 2.944552219097709498e-19 3.992236807164390456e-19
-5.285468170100562766e-18 -2.185687391186981127e-19 3.793652700001708901e-19 3.626810243454578725e-19 1.895128608715802043e-19 3.593908324639187268e-19 -5.976642529320973572e-20 5.618111131682010803e-19 3.105735181228038911e-19 6.837308720358659507e-19 5.489499392250456736e-18 3.273571159903155753e-19 1.193620584807121352e-19 2.407571015815532846e-19 7.616668438851232624e-20 2.567294184687756568e-19 2.873050470691983253e-19 2.624454728880933256e-19
-1.083481434098396497e-18 1.249870519545548625e-19 8.218344986325392230e-19 6.559183511284905513e-19 4.971906827207670579e-19 5.179422615786581426e-20 4.382745248537741012e-19 4.433437354661831666e-19 4.651873598366421536e-19 2.172291724164930897e-19 3.273571159903151419e-19 4.128483834076143414e-18 4.942894707326677728e-19 1.908891574441156172e-19 3.145480758485856585e-19 3.679624875650680190e-19 3.817426030515514891e-19 4.297502887599323914e-19
-2.342164539087488205e-19 -8.755747414724413350e-19 5.602450691037593325e-19 1.170498440100261713e-18 -1.248557941024349501e-19 -1.392387079978523383e-19 7.658475655386274118e-20 2.373231926766684590e-19 4.291270266829581492e-19 3.922382121935490783e-19 1.193620584807119667e-19 4.942894707326677728e-19 3.384919194488299362e-18 2.718329470152937045e-19 2.115010902534136269e-19 3.077909776142814447e-19 2.916083981819795870e-19 4.407589255006056800e-19
-2.662833042150170542e-20 1.928948123968563451e-19 6.872175613641598844e-19 2.845676974935186445e-19 -1.408732831672213735e-19 4.117985690090655537e-19 4.286762946372338509e-19 -5.213452353300018553e-20 1.816909085068851879e-19 2.237913395945944408e-19 2.407571015815533327e-19 1.908891574441156412e-19 2.718329470152937526e-19 2.180008558557284475e-18 3.082755113058535740e-19 1.558684366295903827e-19 3.281010005368032388e-19 4.356158071970917212e-19
2.054512952833899479e-20 -6.793223140993008749e-20 6.847908507107129531e-19 1.026995764630869703e-18 1.476797106563520873e-19 2.546754864311235156e-19 1.732026135851388530e-19 4.004742894294325584e-19 2.611637067503980618e-20 6.179256599811168596e-20 7.616668438851237439e-20 3.145480758485855622e-19 2.115010902534136269e-19 3.082755113058535259e-19 1.891765608266948493e-18 3.118853689933562612e-19 3.599496789032803056e-19 4.820706886624319770e-19
5.506226173466770053e-19 4.157712937551555676e-19 1.241945664570558563e-18 6.259264075988826608e-19 2.312581176858496971e-20 1.510023406024596420e-19 1.668204633320280216e-19 2.527157162229494204e-19 4.027816428422791074e-19 3.273208803242514837e-19 2.567294184687758975e-19 3.679624875650680190e-19 3.077909776142814929e-19 1.558684366295903586e-19 3.118853689933561649e-19 1.911155460160127319e-18 4.829119625317712026e-19 7.755643481279544859e-19
1.862008136785153859e-18 9.481742796017342425e-19 7.297862208868090620e-20 7.306616829590290049e-19 -5.368274166825061307e-19 2.075903847372985760e-19 2.918441153582679467e-19 -1.600340946761983981e-19 2.577295425105215777e-19 2.944552219097709498e-19 2.873050470691993846e-19 3.817426030515513928e-19 2.916083981819796352e-19 3.281010005368033351e-19 3.599496789032803538e-19 4.829119625317712989e-19 2.349298904146909244e-18 1.331401771441553535e-18
1.824404106248514938e-18 -6.612983695416036171e-19 1.353603466652929471e-18 3.890215508921000192e-19 -6.469583330133453647e-19 9.708400566097754430e-20 3.428604257322528884e-19 6.529820921112819559e-20 5.568721582225968298e-19 3.992236807164390938e-19 2.624454728880941923e-19 4.297502887599323914e-19 4.407589255006056800e-19 4.356158071970917212e-19 4.820706886624318807e-19 7.755643481279543896e-19 1.331401771441553342e-18 5.309362939146918477e-18
